(-1.2846587121519911e+212, 1.2016409260065431e+212, 5.551199865725011e+211, 8.297709465026855, -92.114501953125, -51.30534362792969)
(1.874265318947371e+212, -1.753145712661002e+212, -8.098977018919495e+211, 26.862594604492188, -57.83969497680664, -24.076335906982422)
(-2.734477610730027e+212, 2.557768983481607e+212, 1.1816081268841024e+212, 36.67938995361328, -42.83969497680664, -7.664122104644775)
(3.989492697748499e+212, -3.7316819278704e+212, -1.7239186656005937e+212, 51.007633209228516, -10.854961395263672, 21.068702697753906)
(-5.820509161579664e+212, 5.4443736321485034e+212, 2.515127898995594e+212, 60.2442741394043, 16.954198837280273, 47.79389190673828)
(8.491888434625362e+212, -7.943121846761887e+212, -3.669470303056397e+212, 62.404579162597656, 30.473281860351562, 58.328243255615234)
(-1.2389323199098443e+213, 1.15886948500277e+213, 5.3536093772368416e+212, 60.35877990722656, 54.35114669799805, 74.7404556274414)
(1.8075523543838302e+213, -1.6907439029379455e+213, -7.810700454549432e+212, 54.87786102294922, 72.64885711669922, 77.5114517211914)
(-2.6371460824238416e+213, 2.466727256447696e+213, 1.1395497372314128e+213, 49.007633209228516, 75.02290344238281, 75.16793823242188)
(3.8474899181629084e+213, -3.598855715007302e+213, -1.6625571690792632e+213, 39.4427490234375, 66.41984558105469, 63.08396911621094)
(-5.613332825597357e+213, 5.250585537410567e+213, 2.4256039470224003e+213, 30.832061767578125, 49.290077209472656, 44.85496139526367)
(8.189626504849661e+213, -7.660392821724746e+213, -3.5388584628755986e+213, 28.01526641845703, 39.49618148803711, 35.992366790771484)
(-1.1948335217732017e+214, 1.11762045899498e+214, 5.163051963054292e+213, 22.824426651000977, 20.152671813964844, 20.76335906982422)
(1.7432139840657597e+214, -1.6305632353758577e+214, -7.532684862320773e+213, 18.145038604736328, 4.007633686065674, 9.87022876739502)
(-2.54327899148048e+214, 2.3789260863658967e+214, 1.0989883820861297e+214, 17.97709846496582, -1.1374045610427856, 6.671755790710449)
(3.7105416131528485e+214, -3.470757344217718e+214, -1.603379785608316e+214, 28.709922790527344, -5.931297779083252, 0.7633587718009949)
(-5.413530764442135e+214, 5.063695173835021e+214, 2.3392665280203933e+214, 39.58015441894531, -7.43511438369751, 0.20610687136650085)
(7.89812334503368e+214, -7.38772730863424e+214, -3.412895645956061e+214, 46.450382232666016, -5.786259651184082, 1.0534350872039795)
(-1.1523043848406818e+215, 1.0778396588474883e+215, 4.979277286561635e+214, 63.20610809326172, 2.4045801162719727, 3.2290077209472656)
(1.6811656862234024e+215, -1.5725246502083454e+215, -7.264565011193956e+214, 75.64122009277344, 17.809160232543945, 4.488549709320068)
(-2.4527530240421432e+215, 2.2942501282213247e+215, 1.0598707757106187e+215, 75.57251739501953, 29.23664093017578, 4.427480697631836)
(3.5784678727664916e+215, -3.34721853177067e+215, -1.546308773442728e+215, 68.65648651123047, 55.213741302490234, 2.2366411685943604)
(-5.220840496740497e+215, 4.883457022236318e+215, 2.256002219914779e+215, 69.87786102294922, 75.25190734863281, 1.2442748546600342)
(7.616996005425418e+215, -7.124767104887411e+215, -3.2914163740589522e+215, 70.4427490234375, 84.4885482788086, 2.458015203475952)
(-1.1112890382858713e+216, 1.0394748242432525e+216, 4.8020439216733645e+215, 69.25190734863281, 99.03053283691406, 10.793892860412598)
(1.6213259475713254e+216, -1.5165519017377275e+216, -7.005988670234126e+215, 70.58015441894531, 105.6259536743164, 23.58015251159668)
(-2.3654492555084868e+216, 2.2125881426120046e+216, 1.0221455290301617e+216, 70.80152893066406, 103.87786102294922, 27.267175674438477)
(3.451095190801851e+216, -3.228076983859057e+216, -1.491269157992279e+216, 66.40457916259766, 96.03816986083984, 27.854961395263672)
(-5.0350088839320404e+216, 4.7096343024865894e+216, 2.175701637798171e+216, 60.068702697753906, 83.54962158203125, 19.511449813842773)
(7.345875167060887e+216, -6.871166757814468e+216, -3.174261059010081e+216, 54.36641311645508, 77.22900390625, 12.534351348876953)
(-1.071733599959427e+217, 1.0024755550291268e+217, 4.6311190356710556e+216, 36.13740539550781, 71.66412353515625, 0.015267175622284412)
(1.5636161562238434e+217, -1.462571458170527e+217, -6.756616145882881e+216, 15.969465255737305, 69.90076446533203, -7.770992279052734)
(-2.2812529943045404e+217, 2.1338328496128868e+217, 9.857630821227686e+216, 6.946564674377441, 67.58015441894531, -12.519083976745605)
(3.3282562368704653e+217, -3.113176183393134e+217, -1.4381886333269052e+217, -9.473282814025879, 67.31298065185547, -22.152671813964844)
(-4.855791797719551e+217, 4.541998662455923e+217, 2.0982592902308663e+217, -19.496183395385742, 66.57251739501953, -26.6564884185791)
(7.084404656587185e+217, -6.626593110855188e+217, -3.06127579304779e+217, -20.893129348754883, 65.97709655761719, -27.297710418701172)
(-1.0335861056037164e+218, 9.667932450048267e+217, 4.466278083329378e+217, -22.648855209350586, 69.77099609375, -22.770992279052734)
(1.5079604984220306e+218, -1.4105124050182363e+218, -6.516119835700455e+217, -21.32061004638672, 71.12976837158203, -14.984732627868652)
(-2.2000536312095746e+218, 2.0578807878414546e+218, 9.506756391119589e+217, -19.045801162719727, 73.12976837158203, -11.5496187210083)
(3.20978963657429e+218, -3.002365184382915e+218, -1.3869974671878924e+218, -15.320611000061035, 71.50381469726562, -3.5496182441711426)
(-4.682953799355941e+218, 4.3803298780245655e+218, 2.023573440656e+218, -9.77862548828125, 64.7022933959961, -1.198473334312439)
(6.8322409783550555e+218, -6.390724865888799e+218, -2.9523121466332463e+218, -7.496183395385742, 57.786258697509766, -1.2595419883728027)
(-9.967964405870073e+218, 9.323810180686206e+218, 4.3073045119294584e+218, -1.0076335668563843, 48.92366409301758, -6.862595558166504)
(1.4542858589366517e+219, -1.3603063519364537e+219, -6.2841837979920824e+218, -5.793893337249756, 42.17557144165039, -14.282443046569824)
(-2.1217444940489913e+219, 1.9846321785397782e+219, 9.16837105376982e+218, -12.847328186035156, 39.41221237182617, -19.732824325561523)
(3.095539759507011e+219, -2.89549841363936e+219, -1.337628409380114e+219, -28.167938232421875, 35.86259460449219, -29.152671813964844)
(-4.516267830346713e+219, 4.224415563772947e+219, 1.9515459737475132e+219, -41.47328186035156, 43.992366790771484, -31.64122200012207)
(6.58905286316624e+219, -6.163252161142375e+219, -2.847226973457513e+219, -41.3129768371582, 56.1984748840332, -23.41984748840332)
(-9.613162740675243e+219, 8.991936666358662e+219, 4.1539894767720484e+219, -59.41221237182617, -3.3053436279296875, -10.67175579071045)
(1.4025217250161737e+220, -1.3118873428800073e+220, -6.06050333675318e+219, -37.36641311645508, 16.0, -28.25954246520996)
(-2.0462227075583387e+220, 1.9139907944944574e+220, 8.842030269979904e+219, -32.51908493041992, -2.465648889541626, -14.641221046447754)
(2.98535651480129e+220, -2.792435479533852e+220, -1.290016603424979e+220, -28.335878372192383, -0.7099236845970154, -21.0992374420166)
(-4.3555149141616166e+220, 4.074050893969456e+220, 1.8820822665153595e+220, -28.335878372192383, 4.328244209289551, -21.030534744262695)
(6.354520833082805e+220, -5.943876164123245e+220, -2.7458822223892344e+220, -32.07633590698242, 0.8625954389572144, -17.97709846496582)
(-9.270989955008804e+220, 8.671875922494877e+220, 4.0061315668167733e+220, -43.49618148803711, 19.45801544189453, -24.282442092895508)
(1.3526000937536644e+221, -1.2651917694560348e+221, -5.844784601388058e+220, -52.97710037231445, 26.664121627807617, -27.923664093017578)
(-1.9733890582353504e+221, 1.8458638336222554e+221, 8.527305323566121e+220, -84.8167953491211, 46.732826232910156, -41.77862548828125)
(2.879095153953336e+221, -2.693040987564731e+221, -1.244099501358019e+221, -112.64122009277344, 81.19084167480469, -57.60305404663086)
(-4.20048386856364e+221, 3.929038333489443e+221, 1.8150910639986187e+221, -124.21373748779297, 121.08396911621094, -63.03053283691406)
(6.128336781726713e+221, -5.7323086790406454e+221, -2.648144756115895e+221, -175.75572204589844, 123.07633209228516, -88.0687026977539)
(-8.94099653407478e+221, 8.363207483043766e+221, 3.863536540087031e+221, -195.5190887451172, 117.67938995361328, -108.2977066040039)
(1.3044553827508973e+222, -1.2201582873611906e+222, -5.636744200676317e+221, -200.28244018554688, 114.06106567382812, -115.33587646484375)
(-1.9031478640024697e+222, 1.7801617970553497e+222, 8.223782758152033e+221, -203.82443237304688, 102.29007720947266, -127.96183013916016)
(2.7766160806657697e+222, -2.5971843624885805e+222, -1.1998167815591863e+222, -65.77099609375, 113.96946716308594, -76.38167572021484)
(-4.050971028177417e+222, 3.78918737831193e+222, 1.750484359383209e+222, 248.17556762695312, 148.7480926513672, 9.114503860473633)
(5.91020356951832e+222, -5.528271768200887e+222, -2.5538861762403916e+222, 236.14503479003906, 36.20610809326172, -0.5496183037757874)
(-8.62274896319433e+222, 8.065525848104702e+222, 3.726017068492942e+222, 77.5114517211914, -185.45037841796875, 10.732824325561523)
(1.2580243439622934e+223, -1.1767277357932014e+223, -5.4361088304798195e+222, 11.229007720947266, -229.1908416748047, -6.511450290679932)
(-1.835406848508633e+223, 1.7167983715660383e+223, 7.931063834007945e+222, 66.12976837158203, -87.03053283691406, -39.98473358154297)
(2.6777846674589964e+223, -2.5047396767826145e+223, -1.1571102695079186e+223, 111.50381469726562, -37.893131256103516, -43.02289962768555)
(-3.9067799769325966e+223, 3.6543143052531437e+223, 1.6881772783867201e+223, 126.28244018554688, -33.03053283691406, -29.908397674560547)
(5.699834633322015e+223, -5.331497386878643e+223, -2.462982654603162e+223, 89.96183013916016, -75.16793823242188, -13.526717185974121)
(-8.315829158294475e+223, 7.77843995121945e+223, 3.593392491737116e+223, 97.01526641845703, -44.49618148803711, -14.687023162841797)
(1.213245980605518e+224, -1.134843059730905e+224, -5.242614914701114e+223, 103.5114517211914, -35.85496139526367, -9.832060813903809)
(-1.7700770199051753e+224, 1.6556903161764452e+224, 7.648764004223702e+223, 70.64885711669922, -28.053434371948242, -5.458015441894531)
(2.5824710788101302e+224, -2.4155854852128004e+224, -1.1159238613588603e+224, -3.8320610523223877, -37.50381851196289, 3.717557191848755)
(-3.767721290030663e+224, 3.5242419306080694e+224, 1.6280879677584682e+224, 7.969465732574463, -28.64122200012207, 3.603053331375122)
(5.496953609986208e+224, -5.141727031184711e+224, -2.3753147706082546e+224, 2.5572519302368164, -29.755725860595703, 4.458015441894531)
(-8.019833916668101e+224, 7.5015726456254e+224, 3.465488579979955e+224, -0.5572519302368164, -27.511449813842773, 11.595419883728027)
(1.1700614670295788e+225, -1.0944492349806676e+225, -5.056008259021665e+224, -1.4809160232543945, -17.503816604614258, 12.29007625579834)
(-1.707072553936615e+225, 1.5967573528042633e+225, 7.3765124095267235e+224, -4.8015265464782715, -0.9923664331436157, 26.832061767578125)
(2.49055010058716e+225, -2.3296046652904053e+225, -1.0762034502378489e+225, -6.916030406951904, -11.19847297668457, 48.5572509765625)
(-3.633612285096249e+225, 3.3987993773829775e+225, 1.570137487748307e+225, -5.793893337249756, -9.717556953430176, 49.389312744140625)
(5.301293973283121e+225, -4.9587113984676364e+225, -2.2907673543396545e+225, -12.496183395385742, 3.106870174407959, 71.94656372070312)
(-7.734374387283732e+225, 7.234560208795221e+225, 3.342137304952681e+225, -12.053435325622559, 11.267175674438477, 69.86259460449219)
(1.1284140714351557e+226, -1.0554931958907135e+226, -4.8760437169649837e+225, -9.122137069702148, 3.893129825592041, 63.885498046875)
(-1.6463106811927252e+226, 1.539922060800872e+226, 7.113951391081558e+225, -10.435114860534668, -2.3664121627807617, 48.25190734863281)
(2.4019009755542597e+226, -2.246684263407356e+226, -1.0378968551613308e+226, -5.3053436279296875, -6.381679534912109, 39.96183395385742)
(-3.5042767821860124e+226, 3.277821850813111e+226, 1.5142497084029215e+226, 1.770992398262024, -20.351144790649414, 37.709922790527344)
(5.112598683771401e+226, -4.782210059803061e+226, -2.2092293352617547e+226, -4.85496187210083, -41.709922790527344, 29.725191116333008)
(-7.459075559949187e+226, 6.977051864612008e+226, 3.223176619217421e+226, -4.4809160232543945, -16.93893051147461, 21.129770278930664)
(1.0882490813456346e+227, -1.017923765638404e+227, -4.7024848678459843e+226, -0.6183205842971802, -24.045801162719727, 17.54198455810547)
(-1.5877115783737753e+227, 1.4851097752432855e+227, 6.860736020630955e+226, -0.7938931584358215, -66.22900390625, 3.8396947383880615)
(2.316407244732159e+227, -2.1667153464482894e+227, -1.0009537524858378e+227, 5.465648651123047, -138.7633514404297, -7.832061290740967)
(-3.3795448723398068e+227, 3.1611504218706453e+227, 1.4603512095533714e+227, 2.4045801162719727, -158.60305786132812, -12.984732627868652)
(4.930619851121602e+227, -4.611991144140561e+227, -2.1305935963052086e+227, 5.572519302368164, -150.9236602783203, -29.244274139404297)
(-7.193575772658061e+227, 6.728709322552242e+227, 3.1084502432843435e+227, 3.282442808151245, -105.73282623291016, -41.8015251159668)
(1.0495137317309435e+228, -9.816915889988873e+227, -4.535103706183458e+227, 2.0458016395568848, -88.64885711669922, -42.595420837402344)
(-1.5311982634261027e+228, 1.4322484888463216e+228, 6.61653364736119e+227, 0.5038167834281921, -18.534351348876953, -16.702289581298828)
(2.233956594405163e+228, -2.0895928586843552e+228, -9.653256097974622e+227, -1.5648854970932007, -4.244274616241455, 7.839694499969482)
(-3.259252694370081e+228, 3.048631818478507e+228, 1.4083711843625018e+228, 0.12977099418640137, -14.442748069763184, 12.900763511657715)
(4.75511840846091e+228, -4.44783103369301e+228, -2.054756833146488e+228, -1.2900763750076294, -11.16030502319336, 5.885496139526367)
(-6.937526236471792e+228, 6.489206333271138e+228, 2.997807460306199e+228, -1.229007601737976, -2.1526718139648438, 5.022900581359863)
(1.0121571356897604e+229, -9.467490675067911e+228, -4.3736803421676756e+228, -2.0, 11.80152702331543, 5.366412162780762)
(-1.4766964944102455e+229, 1.381268757366121e+229, 6.38102346089635e+228, -1.3129770755767822, 26.244274139404297, 5.961832046508789)
(2.154440708573833e+229, -2.0152154837607615e+229, -9.30965622154483e+228, -1.877862572669983, 23.267175674438477, 4.946564674377441)
(-3.1432422195962894e+229, 2.940118224155765e+229, 1.3582413463054998e+229, -0.221374049782753, 9.076335906982422, 5.557251930236816)
(4.585863798309314e+229, -4.289514070168322e+229, -1.981619418496261e+229, -0.5877862572669983, -0.45038166642189026, 5.984732627868652)
(-6.69059057731319e+229, 6.258228260006593e+229, 2.891102918080531e+229, -0.30534350872039795, -4.2366414070129395, 5.610687255859375)
(9.761302175990341e+229, -9.130502969257839e+229, -4.218002712789591e+229, -0.1221374049782753, -12.938931465148926, 5.931297779083252)
(-1.4241346719687871e+230, 1.3321036083707563e+230, 6.153896069847477e+229, -0.5343511700630188, -13.656488418579102, 5.5190839767456055)
(2.0777551266594984e+230, -1.943485511596769e+230, -8.978286505993846e+229, -0.49618321657180786, -15.351144790649414, 6.007633686065674)
(-3.0313610442414996e+230, 2.83546708383008e+230, 1.3098958394614077e+230, 0.04580152779817581, -13.877862930297852, 4.916030406951904)
(4.422633669694624e+230, -4.136832271457632e+230, -1.911085271218323e+230, -0.6335877776145935, -6.43511438369751, 2.961832046508789)
(-6.452444394069435e+230, 6.035471665238649e+230, 2.7881964380994696e+230, -0.9618320465087891, -2.893129825592041, 4.3740458488464355)
(9.413856486429917e+230, -8.805510069438565e+230, -4.06786630325218e+230, -1.14503812789917, 1.5954198837280273, 5.717557430267334)
(-1.3734437452657724e+231, 1.2846884532580778e+231, 5.934853095362938e+230, -1.0152671337127686, 4.152671813964844, 5.618320465087891)
(2.0037991062736552e+231, -1.874308710023272e+231, -8.658711628594912e+230, -1.1679389476776123, 3.3664121627807617, 5.549618244171143)
(-2.923462189218477e+231, 2.734540916562108e+231, 1.2632711519977372e+231, -0.48091602325439453, 0.8778625726699829, 4.954198360443115)
(4.265213586048427e+231, -3.989585058407741e+231, -1.8430617301071343e+231, -1.0534350872039795, -2.603053331375122, 5.7633585929870605)
(-6.22277483242406e+231, 5.820643912061497e+231, 2.688952831396238e+231, -0.8244274854660034, -4.702290058135986, 6.2366414070129395)
(9.07877784636941e+231, -8.492085030151022e+231, -3.923073878297907e+231, -0.6641221642494202, -7.809160232543945, 6.083969593048096)
(-1.3245571212741426e+232, 1.2389610024052121e+232, 5.723606779146015e+231, -0.5419847369194031, -8.083969116210938, 6.503816604614258)
(1.932475490871986e+232, -1.8075942009893296e+232, -8.350511761583132e+231, -0.3129771053791046, -7.366412162780762, 6.206106662750244)
(-2.8194039070422276e+232, 2.637207134935813e+232, 1.2183060327345263e+232, -0.9923664331436157, -4.70992374420166, 5.5877861976623535)
(4.113396743499269e+232, -3.847578991318868e+232, -1.7774594321581382e+232, -0.885496199131012, -1.694656491279602, 5.404580116271973)
(-6.001280173858029e+232, 5.61346277974431e+232, 2.5932417209464547e+232, -0.8625954389572144, -0.732824444770813, 5.969465732574463)
(8.755626060641837e+232, -8.189816102715914e+232, -3.783435223099384e+232, -1.267175555229187, 0.6106870174407959, 5.183206081390381)
(-1.277410577292005e+233, 1.1948611833382462e+233, 5.519879605424815e+232, -0.9160305261611938, 0.45038166642189026, 5.312977313995361)
(1.863690582119121e+233, -1.7432543411750374e+233, -8.053282020624792e+232, -0.9389312863349915, 0.2442748099565506, 5.618320465087891)
(-2.719049495615326e+233, 2.5433378708774567e+233, 1.1749414106782353e+233, -0.6335877776145935, -4.045801639556885, 6.366412162780762)
(3.966983699192943e+233, -3.710627515821557e+233, -1.7141921951709573e+233, -0.2977099120616913, -5.251908302307129, 6.068702220916748)
(-5.787669439280001e+233, 5.413656092975886e+233, 2.5009373703909214e+233, -0.6641221642494202, -5.259541988372803, 5.7633585929870605)
(8.443976602472667e+233, -7.8983061943165756e+233, -3.648766893372813e+233, -0.7709923386573792, -5.053435325622559, 5.9083967208862305)
(-1.2319421765728179e+234, 1.1523310618145958e+234, 5.323403936377845e+233, -0.9923664331436157, -4.7633585929870605, 6.068702220916748)
(1.7973540167964775e+234, -1.6812046068538768e+234, -7.766631932917958e+233, -0.6564885377883911, -4.6259541511535645, 5.458015441894531)
(-2.6222671186414115e+234, 2.4528098076744026e+234, 1.1331203174197655e+234, -0.8091602921485901, -1.4045801162719727, 5.56488561630249)
(3.825782109283017e+234, -3.578550717798889e+234, -1.6531769045312283e+234, -0.2442748099565506, -1.0992366075515747, 5.6946563720703125)
(-5.581662006765044e+234, 5.220961364306023e+234, 2.4119185188548816e+234, -0.290076345205307, -1.427480936050415, 5.045801639556885)
(8.143420055776013e+234, -7.617172346335348e+234, -3.518891974385937e+234, -1.2824426889419556, -2.068702220916748, 6.251908302307129)
(-1.188092186958652e+235, 1.1113147657143835e+235, 5.133921660536321e+234, -0.6564885377883911, -3.671755790710449, 6.160305500030518)
(1.7333786480914624e+235, -1.6213634828533035e+235, -7.490184924225604e+234, -1.0305343866348267, -4.4122138023376465, 5.244274616241455)
(-2.5289296324309148e+235, 2.3655040179730874e+235, 1.0927878122946595e+235, -0.580152690410614, -5.251908302307129, 5.679389476776123)
(3.689606476247365e+235, -3.4511750870320404e+235, -1.594333404022348e+235, -0.4885496199131012, -4.603053569793701, 5.900763511657715)
(-5.382987242899644e+235, 5.035125449313913e+235, 2.3260682216467562e+235, -0.732824444770813, -4.259541988372803, 5.793893337249756)
(7.853561577301831e+235, -7.346045231258147e+235, -3.393639848543913e+235, -1.122137427330017, -3.5877861976623535, 5.786259651184082)
(-1.1458030024096326e+236, 1.071758411640841e+236, 4.9511838537013164e+235, -1.2213740348815918, -2.0, 5.954198360443115)
(1.671680431112092e+236, -1.5636523554676888e+236, -7.223577824167398e+235, -1.1374045610427856, -1.038167953491211, 5.740458011627197)
(-2.4389144188715005e+236, 2.281305807543317e+236, 1.053890910207165e+236, -1.3435114622116089, -1.5190839767456055, 5.496183395385742)
(3.5582779051987687e+236, -3.3283332892586865e+236, -1.5375843905236898e+236, -1.038167953491211, -2.465648889541626, 5.984732627868652)
(-5.1913841472486805e+236, 4.855904214050533e+236, 2.243273696627081e+236, -0.8320610523223877, -2.641221284866333, 5.969465732574463)
(7.574020377927573e+236, -7.084568667486305e+236, -3.272845971247779e+236, -0.9618320465087891, -3.931297779083252, 6.0)
(-1.1050190673264806e+237, 1.0336100341333126e+237, 4.774950451930292e+236, -0.4351145029067993, -5.068702220916748, 5.900763511657715)
(1.6121783124766258e+237, -1.5079954091829443e+237, -6.966460389120205e+236, -0.442748099565506, -4.938931465148926, 5.72519063949585)
(-2.3521032243437886e+237, 2.2001045646036503e+237, 1.0163785120233396e+237, -0.8396946787834167, -3.816793918609619, 5.900763511657715)
(3.431623868869442e+237, -3.2098639463448065e+237, -1.4828553124569464e+237, -0.4656488597393036, -3.2748091220855713, 6.206106662750244)
(-5.006601009477323e+237, 4.683062214318157e+237, 2.163426176045814e+237, -1.0305343866348267, -2.244274854660034, 5.992366313934326)
(7.304429222412835e+237, -6.832399151418309e+237, -3.1563516547310513e+237, -1.2213740348815918, -1.0534350872039795, 5.687022686004639)
(-1.0656868035667314e+238, 9.968195173998638e+237, 4.604989936163402e+237, -1.1755725145339966, -1.0839694738388062, 5.6946563720703125)
(1.5547941238331704e+238, -1.4543195270771467e+238, -6.718494842100585e+237, -1.5419846773147583, -1.7022900581359863, 5.702290058135986)
(-2.2683820043707463e+238, 2.1217936145099246e+238, 9.80201337441761e+237, -0.8244274854660034, -3.076335906982422, 5.465648651123047)
(3.309477980960754e+238, -3.0956114242810923e+238, -1.430074271847201e+238, -0.39694657921791077, -3.4503817558288574, 5.6946563720703125)
(-4.8283950786773904e+238, 4.516372386365662e+238, 2.0864207636533788e+238, -0.8625954389572144, -3.7938930988311768, 5.038167953491211)
(7.044433946959839e+238, -6.589205406186694e+238, -3.0440038595904964e+238, -0.25190839171409607, -4.839694499969482, 5.343511581420898)
(-1.027754540058751e+239, 9.613385294798123e+238, 4.4410790280752835e+238, -0.45038166642189026, -5.473282337188721, 5.916030406951904)
(1.4994524791693624e+239, -1.4025541947663226e+239, -6.479355429024792e+238, -0.38167938590049744, -4.41984748840332, 6.0916032791137695)
(-2.187640773796651e+239, 2.0462700796160246e+239, 9.453118602536469e+238, -0.5190839767456055, -2.2671756744384766, 5.557251930236816)
(3.191679777560366e+239, -2.9854256287254544e+239, -1.3791719298700495e+239, -0.40458014607429504, -2.251908302307129, 5.488549709320068)
Closing Plotter
(-4.656532244463775e+239, 4.3556157485932765e+239, 2.012156296897724e+239, -1.0305343866348267, -2.572519063949585, 5.442748069763184)